spawns: 
  default: 
    world: world
    x: 383.75342407987705
    y: 80.0
    z: -450.23555348574143
    yaw: 153.94067
    pitch: 18.150679
